
Vertex Count: 2354

Data:

24.1194	-42.5197	0.683759		-0.966742	0.255753	0.0
23.7734	-43.8277	0.683759		-0.966824	-0.255443	1.37424e-007
24.1748	-44.2637	0.683759		-0.092052	-0.995754	2.20021e-007
24.9914	-43.8277	0.683759		0.682049	-0.731306	0.0
25.891	-42.5197	0.683759		0.870301	-0.49252	0.0
22.1971	-42.5197	-9.05148		-0.893014	0.256345	0.369882
21.8779	-43.8277	-8.91566		-0.893438	-0.255995	0.369102
22.2482	-44.2637	-9.07321		-0.0838801	-0.995843	0.0355079
23.0016	-43.8277	-9.39373		0.629723	-0.731861	-0.260438
23.8315	-42.5197	-9.74685		0.803725	-0.493369	-0.332584
16.9265	-42.5197	-16.9265		-0.683407	0.25673	0.683407
16.6808	-43.8277	-16.6808		-0.683531	-0.256068	0.683531
16.9658	-44.2637	-16.9658		-0.0649252	-0.995776	0.0649252
17.5456	-43.8277	-17.5456		0.481398	-0.73247	-0.481398
18.1843	-42.5197	-18.1844		0.614804	-0.493997	-0.614804
9.05148	-42.5197	-22.1971		-0.369882	0.256345	0.893014
8.91566	-43.8277	-21.8779		-0.369102	-0.255995	0.893437
9.07321	-44.2637	-22.2482		-0.0355079	-0.995843	0.0838798
9.39373	-43.8277	-23.0016		0.260439	-0.731861	-0.629723
9.74685	-42.5197	-23.8315		0.332584	-0.49337	-0.803725
-0.683761	-42.5197	-24.1194		-0.00284833	0.257864	0.966177
-0.683761	-43.8277	-23.7734		-0.00192299	-0.254736	0.967009
-0.683761	-44.2637	-24.1748		-0.000265866	-0.995734	0.09227
-0.683761	-43.8277	-24.9914		2.39567e-005	-0.731296	-0.682061
-0.683761	-42.5197	-25.891		0.0	-0.49252	-0.870301
-11.0917	-42.5197	-22.1971		0.379058	0.3593	0.852771
-10.567	-43.8277	-21.8779		0.37711	-0.149083	0.914091
-10.5248	-44.2637	-22.2482		0.0275038	-0.99208	0.122556
-10.7718	-43.8277	-23.0016		-0.261009	-0.726763	-0.635366
-11.1144	-42.5197	-23.8315		-0.332485	-0.492546	-0.804271
-18.8919	-42.5197	-16.9265		0.663548	0.410791	0.625264
-18.3006	-43.8277	-16.6808		0.712664	-0.0737244	0.697621
-18.408	-44.2637	-16.9658		0.0997265	-0.987509	0.121983
-18.9225	-43.8277	-17.5456		-0.487319	-0.723755	-0.488568
-19.5519	-42.5197	-18.1844		-0.615242	-0.492601	-0.615484
-23.7889	-42.5197	-9.05148		0.880028	0.332907	0.338709
-23.3401	-43.8277	-8.91566		0.917276	-0.167112	0.361493
-23.6438	-44.2637	-9.07321		0.113585	-0.992365	0.0480702
-24.3726	-43.8277	-9.39373		-0.63415	-0.727509	-0.261888
-25.199	-42.5197	-9.74685		-0.804126	-0.492635	-0.332705
-25.4869	-42.5197	0.683759		0.966689	0.255739	-0.0104537
-25.1409	-43.8277	0.683759		0.967442	-0.252962	-0.0081035
-25.5423	-44.2637	0.683759		0.093437	-0.995624	-0.00128079
-26.3589	-43.8277	0.683759		-0.682167	-0.731197	0.00034347
-27.2586	-42.5197	0.683759		-0.870322	-0.492483	5.42388e-005
-23.5647	-42.5197	10.419		0.893014	0.256345	-0.369882
-23.2455	-43.8277	10.2832		0.893438	-0.255995	-0.369102
-23.6157	-44.2637	10.4407		0.0838802	-0.995843	-0.035508
-24.3691	-43.8277	10.7612		-0.629723	-0.731861	0.260438
-25.199	-42.5197	11.1144		-0.803725	-0.49337	0.332584
-18.294	-42.5197	18.294		0.683407	0.25673	-0.683407
-18.0483	-43.8277	18.0483		0.683531	-0.256068	-0.683531
-18.3333	-44.2637	18.3333		0.0649253	-0.995776	-0.0649254
-18.9131	-43.8277	18.9131		-0.481398	-0.73247	0.481398
-19.5519	-42.5197	19.5519		-0.614804	-0.493996	0.614804
-10.419	-42.5197	23.5647		0.369882	0.256345	-0.893014
-10.2832	-43.8277	23.2455		0.369102	-0.255995	-0.893437
-10.4407	-44.2637	23.6157		0.035508	-0.995843	-0.0838799
-10.7613	-43.8277	24.3691		-0.260439	-0.731861	0.629723
-11.1144	-42.5197	25.199		-0.332584	-0.49337	0.803725
-0.683761	-42.5197	25.4869		0.0	0.255753	-0.966742
-0.683761	-43.8277	25.1409		-1.34831e-007	-0.255443	-0.966824
-0.683761	-44.2637	25.5423		-2.20021e-007	-0.995754	-0.092052
-0.683761	-43.8277	26.3589		0.0	-0.731306	0.682049
-0.683761	-42.5197	27.2586		0.0	-0.49252	0.870301
9.05148	-42.5197	23.5647		-0.369882	0.256345	-0.893014
8.91566	-43.8277	23.2455		-0.369102	-0.255995	-0.893438
9.07321	-44.2637	23.6157		-0.0355079	-0.995843	-0.0838801
9.39373	-43.8277	24.3691		0.260438	-0.731861	0.629723
9.74685	-42.5197	25.199		0.332584	-0.493369	0.803725
16.9265	-42.5197	18.294		-0.683407	0.25673	-0.683407
16.6808	-43.8277	18.0483		-0.683531	-0.256068	-0.683531
16.9658	-44.2637	18.3333		-0.0649254	-0.995776	-0.0649253
17.5456	-43.8277	18.9131		0.481398	-0.73247	0.481398
18.1843	-42.5197	19.5519		0.614804	-0.493997	0.614804
22.1971	-42.5197	10.419		-0.893014	0.256345	-0.369882
21.8779	-43.8277	10.2832		-0.893437	-0.255995	-0.369102
22.2482	-44.2637	10.4407		-0.0838799	-0.995843	-0.035508
23.0016	-43.8277	10.7612		0.629723	-0.731861	0.260439
23.8315	-42.5197	11.1144		0.803725	-0.49337	0.332584
29.1437	-35.5646	0.683759		0.915321	-0.402725	-1.20828e-007
31.9811	-28.734	0.683759		0.941808	-0.336151	0.0
33.9881	-22.1526	0.68376		0.97869	-0.205342	0.0
34.7493	-15.9449	0.68376		0.997804	0.0662397	0.0
26.8321	-35.5646	-11.0235		0.845439	-0.403545	-0.349835
29.4496	-28.734	-12.1372		0.869996	-0.336858	-0.360046
31.301	-22.1526	-12.9249		0.904193	-0.205791	-0.37428
32.0032	-15.9449	-13.2237		0.921879	0.0663697	-0.381752
20.4937	-35.5646	-20.4937		0.646802	-0.404096	-0.646802
22.5083	-28.734	-22.5083		0.665655	-0.337351	-0.665655
23.9332	-22.1526	-23.9332		0.691923	-0.206119	-0.691923
24.4737	-15.9449	-24.4737		0.705543	0.0664797	-0.705543
11.0235	-35.5646	-26.8321		0.349835	-0.403545	-0.845439
12.1372	-28.734	-29.4496		0.360047	-0.336858	-0.869996
12.9249	-22.1526	-31.301		0.37428	-0.205791	-0.904193
13.2237	-15.9449	-32.0032		0.381752	0.0663697	-0.921879
-0.683761	-35.5646	-29.1437		0.0	-0.402725	-0.915321
-0.683761	-28.734	-31.9811		0.0	-0.336151	-0.941808
-0.683761	-22.1526	-33.9881		0.0	-0.205342	-0.97869
-0.683761	-15.9449	-34.7493		0.0	0.0662397	-0.997804
-12.391	-35.5646	-26.8321		-0.349835	-0.403545	-0.845439
-13.5047	-28.734	-29.4496		-0.360046	-0.336858	-0.869996
-14.2924	-22.1526	-31.301		-0.37428	-0.205791	-0.904193
-14.5912	-15.9449	-32.0032		-0.381752	0.0663698	-0.921879
-21.8612	-35.5646	-20.4937		-0.646802	-0.404096	-0.646802
-23.8758	-28.734	-22.5083		-0.665655	-0.337351	-0.665655
-25.3008	-22.1526	-23.9332		-0.691923	-0.206119	-0.691923
-25.8412	-15.9449	-24.4737		-0.705543	0.0664798	-0.705543
-28.1996	-35.5646	-11.0235		-0.845438	-0.403545	-0.349835
-30.8171	-28.734	-12.1372		-0.869996	-0.336858	-0.360047
-32.6685	-22.1526	-12.9249		-0.904193	-0.205791	-0.37428
-33.3708	-15.9449	-13.2237		-0.921879	0.0663697	-0.381752
-30.5112	-35.5646	0.683759		-0.915321	-0.402725	1.23244e-007
-33.3486	-28.734	0.683759		-0.941808	-0.336151	0.0
-35.3556	-22.1526	0.68376		-0.97869	-0.205342	0.0
-36.1168	-15.9449	0.68376		-0.997804	0.0662397	0.0
-28.1996	-35.5646	12.391		-0.845439	-0.403545	0.349835
-30.8171	-28.734	13.5047		-0.869996	-0.336858	0.360046
-32.6685	-22.1526	14.2924		-0.904193	-0.205791	0.37428
-33.3708	-15.9449	14.5912		-0.921879	0.0663696	0.381752
-21.8612	-35.5646	21.8612		-0.646802	-0.404096	0.646802
-23.8758	-28.734	23.8758		-0.665655	-0.337351	0.665655
-25.3008	-22.1526	25.3007		-0.691923	-0.20612	0.691923
-25.8412	-15.9449	25.8412		-0.705543	0.0664796	0.705543
-12.391	-35.5646	28.1996		-0.349835	-0.403545	0.845438
-13.5047	-28.734	30.8171		-0.360047	-0.336858	0.869996
-14.2924	-22.1526	32.6685		-0.37428	-0.205791	0.904193
-14.5912	-15.9449	33.3708		-0.381752	0.0663696	0.921879
-0.683761	-35.5646	30.5112		1.42577e-007	-0.402725	0.915321
-0.683761	-28.734	33.3486		0.0	-0.336151	0.941808
-0.683761	-22.1526	35.3556		0.0	-0.205342	0.97869
-0.683761	-15.9449	36.1168		0.0	0.0662397	0.997804
11.0235	-35.5646	28.1996		0.349835	-0.403545	0.845438
12.1372	-28.734	30.8171		0.360047	-0.336859	0.869996
12.9249	-22.1526	32.6685		0.37428	-0.205791	0.904193
13.2237	-15.9449	33.3708		0.381752	0.0663697	0.921879
20.4937	-35.5646	21.8612		0.646802	-0.404096	0.646802
22.5083	-28.734	23.8758		0.665655	-0.337351	0.665655
23.9332	-22.1526	25.3007		0.691923	-0.20612	0.691923
24.4737	-15.9449	25.8412		0.705543	0.0664796	0.705543
26.8321	-35.5646	12.391		0.845439	-0.403545	0.349835
29.4496	-28.734	13.5047		0.869996	-0.336858	0.360047
31.301	-22.1526	14.2924		0.904193	-0.205791	0.37428
32.0032	-15.9449	14.5912		0.921879	0.0663695	0.381752
33.3652	-10.6922	0.68376		0.900182	0.435513	0.0
30.3202	-6.80979	0.68376		0.729611	0.683863	0.0
27.2751	-4.17307	0.683761		0.693951	0.720022	0.0
25.891	-2.65748	0.683761		0.79395	0.607983	0.0
30.7264	-10.6922	-12.6805		0.831437	0.43618	-0.344179
27.9174	-6.80979	-11.4853		0.673512	0.684665	-0.278594
25.1083	-4.17307	-10.2901		0.640399	0.720924	-0.264874
23.8315	-2.65748	-9.74685		0.732949	0.608996	-0.303167
23.491	-10.6922	-23.491		0.636092	0.436778	-0.636092
21.329	-6.80979	-21.329		0.514965	0.685289	-0.514965
19.1671	-4.17307	-19.1671		0.489651	0.721446	-0.489651
18.1843	-2.65748	-18.1843		0.560555	0.609554	-0.560555
12.6805	-10.6922	-30.7264		0.344179	0.43618	-0.831437
11.4853	-6.80979	-27.9174		0.278594	0.684665	-0.673512
10.2901	-4.17307	-25.1083		0.264874	0.720924	-0.640399
9.74685	-2.65748	-23.8315		0.303167	0.608996	-0.732949
-0.683761	-10.6922	-33.3652		0.0	0.435513	-0.900182
-0.683761	-6.80979	-30.3202		0.0	0.683863	-0.729611
-0.683761	-4.17307	-27.2751		0.0	0.720022	-0.693951
-0.683761	-2.65748	-25.891		0.0	0.607983	-0.79395
-14.048	-10.6922	-30.7264		-0.344179	0.43618	-0.831437
-12.8528	-6.80979	-27.9174		-0.278594	0.684665	-0.673512
-11.6576	-4.17307	-25.1083		-0.264874	0.720924	-0.640399
-11.1144	-2.65748	-23.8315		-0.303167	0.608996	-0.732949
-24.8585	-10.6922	-23.491		-0.636092	0.436777	-0.636092
-22.6966	-6.80979	-21.329		-0.514965	0.685289	-0.514965
-20.5346	-4.17307	-19.1671		-0.489651	0.721446	-0.489651
-19.5519	-2.65748	-18.1843		-0.560555	0.609554	-0.560555
-32.0939	-10.6922	-12.6805		-0.831437	0.43618	-0.344179
-29.2849	-6.80979	-11.4853		-0.673512	0.684665	-0.278594
-26.4759	-4.17307	-10.2901		-0.640399	0.720924	-0.264874
-25.199	-2.65748	-9.74685		-0.732949	0.608996	-0.303167
-34.7327	-10.6922	0.68376		-0.900182	0.435513	0.0
-31.6877	-6.80979	0.68376		-0.729611	0.683863	0.0
-28.6427	-4.17307	0.683761		-0.693951	0.720022	0.0
-27.2586	-2.65748	0.683761		-0.79395	0.607983	0.0
-32.0939	-10.6922	14.048		-0.831437	0.43618	0.344179
-29.2849	-6.80979	12.8528		-0.673512	0.684665	0.278595
-26.4759	-4.17308	11.6576		-0.640399	0.720924	0.264874
-25.199	-2.65748	11.1144		-0.732949	0.608996	0.303167
-24.8585	-10.6922	24.8585		-0.636092	0.436777	0.636092
-22.6966	-6.80979	22.6966		-0.514965	0.685289	0.514965
-20.5346	-4.17308	20.5346		-0.489651	0.721446	0.489651
-19.5519	-2.65748	19.5519		-0.560555	0.609554	0.560555
-14.048	-10.6922	32.0939		-0.344179	0.43618	0.831437
-12.8528	-6.80979	29.2849		-0.278594	0.684665	0.673512
-11.6576	-4.17308	26.4759		-0.264874	0.720924	0.640399
-11.1144	-2.65748	25.199		-0.303167	0.608996	0.732949
-0.683761	-10.6922	34.7327		0.0	0.435513	0.900182
-0.683761	-6.80979	31.6877		0.0	0.683863	0.729611
-0.683761	-4.17308	28.6427		0.0	0.720022	0.693951
-0.683761	-2.65748	27.2586		0.0	0.607983	0.79395
12.6805	-10.6922	32.0939		0.344179	0.43618	0.831437
11.4853	-6.80979	29.2849		0.278594	0.684665	0.673512
10.2901	-4.17308	26.4759		0.264874	0.720924	0.640399
9.74685	-2.65748	25.199		0.303166	0.608996	0.732949
23.491	-10.6922	24.8585		0.636092	0.436778	0.636092
21.329	-6.80979	22.6966		0.514965	0.685289	0.514965
19.1671	-4.17308	20.5346		0.489651	0.721446	0.489651
18.1843	-2.65748	19.5519		0.560555	0.609554	0.560555
30.7264	-10.6922	14.048		0.831437	0.43618	0.344179
27.9174	-6.80979	12.8528		0.673512	0.684665	0.278594
25.1083	-4.17308	11.6576		0.640399	0.720924	0.264874
23.8315	-2.65748	11.1144		0.732949	0.608996	0.303167
25.289	-1.68169	0.683761		0.62386	0.781536	0.0
22.0709	-0.830463	0.683761		0.177291	0.984159	0.0
14.1192	-0.228377	0.683761		0.0492072	0.998789	0.0
-0.683761	0.0	0.683761		0.0	1.0	0.0
23.2761	-1.68169	-9.51053		0.57623	0.7818	-0.238217
20.3074	-0.830462	-8.24745		0.163628	0.984208	-0.0675272
12.972	-0.228377	-5.12642		0.0454217	0.998792	-0.0187356
17.7569	-1.68169	-17.7569		0.440416	0.782348	-0.440416
15.4721	-0.830462	-15.4721		0.124902	0.984276	-0.124902
9.82637	-0.228377	-9.82637		0.0346621	0.998798	-0.034662
9.51053	-1.68169	-23.2761		0.238217	0.7818	-0.57623
8.24745	-0.830462	-20.3074		0.0675272	0.984208	-0.163628
5.12642	-0.228377	-12.972		0.0187357	0.998792	-0.0454216
-0.683761	-1.68169	-25.289		0.0	0.781536	-0.62386
-0.683761	-0.830462	-22.0709		0.0	0.984159	-0.177291
-0.683761	-0.228377	-14.1192		0.0	0.998789	-0.0492071
-10.8781	-1.68169	-23.2761		-0.238217	0.7818	-0.57623
-9.61497	-0.830462	-20.3074		-0.0675272	0.984208	-0.163628
-6.49394	-0.228377	-12.972		-0.0187357	0.998792	-0.0454216
-19.1244	-1.68169	-17.7569		-0.440416	0.782348	-0.440416
-16.8396	-0.830462	-15.4721		-0.124902	0.984276	-0.124902
-11.1939	-0.228377	-9.82637		-0.0346621	0.998798	-0.034662
-24.6436	-1.68169	-9.51053		-0.57623	0.7818	-0.238217
-21.6749	-0.830462	-8.24745		-0.163628	0.984208	-0.0675272
-14.3395	-0.228377	-5.12642		-0.0454217	0.998792	-0.0187356
-26.6565	-1.68169	0.683761		-0.62386	0.781536	0.0
-23.4384	-0.830463	0.683761		-0.177291	0.984159	0.0
-15.4868	-0.228377	0.683761		-0.0492071	0.998789	0.0
-24.6436	-1.68169	10.8781		-0.57623	0.7818	0.238217
-21.6749	-0.830463	9.61497		-0.163628	0.984208	0.0675273
-14.3395	-0.228378	6.49394		-0.0454217	0.998792	0.0187357
-19.1244	-1.68169	19.1244		-0.440416	0.782348	0.440416
-16.8396	-0.830463	16.8396		-0.124902	0.984276	0.124902
-11.1939	-0.228378	11.1939		-0.0346621	0.998798	0.0346621
-10.8781	-1.68169	24.6436		-0.238217	0.7818	0.57623
-9.61497	-0.830464	21.6749		-0.0675272	0.984208	0.163629
-6.49394	-0.228378	14.3395		-0.0187357	0.998792	0.0454217
-0.683761	-1.68169	26.6565		0.0	0.781536	0.62386
-0.683761	-0.830464	23.4384		0.0	0.984159	0.177291
-0.683761	-0.228378	15.4868		0.0	0.998789	0.0492072
9.51053	-1.68169	24.6436		0.238217	0.781801	0.57623
8.24745	-0.830464	21.6749		0.0675273	0.984208	0.163629
5.12642	-0.228378	14.3395		0.0187357	0.998792	0.0454217
17.7569	-1.68169	19.1244		0.440416	0.782348	0.440416
15.4721	-0.830463	16.8396		0.124902	0.984276	0.124902
9.82637	-0.228378	11.1939		0.0346621	0.998798	0.0346621
23.2761	-1.68169	10.8781		0.57623	0.7818	0.238217
20.3074	-0.830463	9.61497		0.163628	0.984208	0.0675273
12.972	-0.228378	6.49394		0.0454217	0.998792	0.0187357
-29.0302	-35.876	0.683759		0.0077859	0.99997	0.000215736
-37.3072	-35.8137	0.683759		0.0391385	0.999233	0.000988597
-43.4249	-35.3777	0.683759		0.179512	0.983746	0.00436866
-47.2174	-34.1943	0.683759		0.6123	0.790557	0.0104599
-48.5184	-31.8898	0.683759		0.986152	0.165708	0.00666962
-28.7534	-36.4988	-2.30591		0.00703873	0.812495	-0.582926
-37.5537	-36.4268	-2.30591		0.0361273	0.837258	-0.545614
-44.0131	-35.9227	-2.30591		0.161846	0.810421	-0.563049
-47.9916	-34.5544	-2.30591		0.482365	0.595148	-0.642746
-49.3489	-31.8898	-2.30591		0.738721	0.114593	-0.664199
-28.1444	-37.8691	-3.30246		-0.00190853	-0.162122	-0.986769
-38.0961	-37.7757	-3.30246		0.0027615	-0.0171054	-0.99985
-45.3073	-37.1217	-3.30246		0.0105326	-0.0733992	-0.997247
-49.6949	-35.3466	-3.30246		-0.0660406	-0.130069	-0.989303
-51.1759	-31.8898	-3.30246		-0.0944272	-0.0165946	-0.995393
-27.5354	-39.2394	-2.30591		-0.00920288	-0.871509	-0.490293
-38.6385	-39.1245	-2.30591		-0.0486064	-0.840609	-0.539458
-46.6014	-38.3207	-2.30591		-0.223298	-0.802881	-0.552739
-51.3982	-36.1387	-2.30591		-0.596365	-0.559971	-0.575136
-53.0029	-31.8898	-2.30591		-0.803337	-0.0682361	-0.591603
-27.2586	-39.8622	0.683759		-0.0105607	-0.999944	-0.000103348
-38.885	-39.7376	0.683759		-0.0587987	-0.99827	-0.000709811
-47.1897	-38.8656	0.683759		-0.28071	-0.959787	-0.00326853
-52.1724	-36.4988	0.683759		-0.749723	-0.661738	-0.00426756
-53.8334	-31.8898	0.683759		-0.997351	-0.0727143	-0.00205865
-27.5354	-39.2394	3.67342		-0.00879186	-0.871493	0.49033
-38.6385	-39.1245	3.67342		-0.0464936	-0.841178	0.538756
-46.6014	-38.3207	3.67342		-0.217909	-0.806808	0.54916
-51.3982	-36.1387	3.67342		-0.59729	-0.560027	0.574121
-53.0029	-31.8898	3.67342		-0.804	-0.0629127	0.591291
-28.1444	-37.8691	4.66998		-0.00180572	-0.161691	0.98684
-38.0961	-37.7757	4.66998		0.0020312	-0.0145533	0.999892
-45.3073	-37.1217	4.66998		0.00921493	-0.0600701	0.998152
-49.6949	-35.3466	4.66998		-0.0593351	-0.113866	0.991723
-51.1759	-31.8898	4.66998		-0.0869006	-0.0122907	0.996141
-28.7534	-36.4988	3.67342		0.00641749	0.812379	0.583094
-37.5537	-36.4268	3.67342		0.0337833	0.837513	0.545373
-44.0131	-35.9227	3.67342		0.157113	0.811947	0.56219
-47.9916	-34.5544	3.67342		0.484406	0.589365	0.646529
-49.3489	-31.8898	3.67342		0.73887	0.10132	0.666187
-47.8264	-28.2773	0.683759		0.946512	-0.32265	0.00335693
-45.6395	-23.9173	0.68376		0.82583	-0.56387	0.00745184
-41.7917	-19.5574	0.68376		0.650011	-0.759893	0.0069365
-36.1168	-15.9449	0.68376		0.532429	-0.846459	0.00524489
-48.5811	-27.9285	-2.30591		0.725609	-0.259351	-0.637361
-46.1758	-23.3853	-2.30591		0.645944	-0.461988	-0.60772
-41.9798	-18.9005	-2.30591		0.531615	-0.63666	-0.558614
-35.84	-15.1144	-2.30591		0.424964	-0.681718	-0.595539
-50.2416	-27.1613	-3.30246		-0.0495601	0.0197548	-0.998576
-47.3558	-22.2149	-3.30246		-0.0378171	0.0356247	-0.998649
-42.3937	-17.4553	-3.30246		-0.0379132	0.0365115	-0.998614
-35.231	-13.2874	-3.30246		-0.168854	0.297946	-0.93953
-51.9021	-26.3941	-2.30591		-0.742342	0.299166	-0.599524
-48.5357	-21.0444	-2.30591		-0.619602	0.529406	-0.579503
-42.8077	-16.0101	-2.30591		-0.483708	0.68576	-0.543837
-34.622	-11.4604	-2.30591		-0.445292	0.794355	-0.413177
-52.6569	-26.0454	0.68376		-0.926513	0.376257	-0.00199489
-49.0721	-20.5124	0.68376		-0.75392	0.656952	-0.00431675
-42.9958	-15.3532	0.68376		-0.566224	0.824244	-0.00346105
-34.3452	-10.6299	0.68376		-0.481804	0.876277	-0.00185046
-51.9021	-26.3941	3.67342		-0.744675	0.294425	0.598977
-48.5357	-21.0444	3.67343		-0.621949	0.528114	0.578165
-42.8077	-16.0101	3.67343		-0.481171	0.68834	0.542829
-34.622	-11.4604	3.67343		-0.438055	0.797035	0.415744
-50.2416	-27.1613	4.66998		-0.0443383	0.0170563	0.998871
-47.3558	-22.2149	4.66998		-0.0261773	0.0281674	0.99926
-42.3937	-17.4553	4.66998		-0.0252937	0.0283317	0.999278
-35.231	-13.2874	4.66998		-0.157482	0.289392	0.944167
-48.5811	-27.9285	3.67342		0.728244	-0.25241	0.637142
-46.1758	-23.3853	3.67343		0.647054	-0.459725	0.608255
-41.9798	-18.9005	3.67343		0.522994	-0.640657	0.56217
-35.84	-15.1144	3.67343		0.409978	-0.682857	0.604669
29.4343	-25.2461	0.68376		-0.230787	-0.972982	0.00652333
37.9327	-27.1976	0.68376		-0.548936	-0.835863	0.00151111
41.6145	-31.8898	0.683759		-0.875671	-0.482807	-0.0098928
43.6353	-37.5784	0.683759		-0.877554	-0.479098	-0.0190919
47.1509	-42.5197	0.683759		-0.696189	-0.71744	-0.0244967
29.4344	-22.9623	-5.8935		-0.152878	-0.687211	-0.71019
38.5815	-25.5043	-5.25509		-0.316721	-0.63775	-0.702113
42.4449	-30.9036	-3.85057		-0.601067	-0.471452	-0.64533
44.6474	-37.2216	-2.44605		-0.635889	-0.44609	-0.6298
48.8118	-42.5197	-1.80763		-0.435745	-0.60101	-0.67001
29.4343	-17.938	-8.08593		0.111113	0.0850695	-0.99016
40.0089	-21.7789	-7.2347		0.22331	-0.00654007	-0.974726
44.2719	-28.734	-5.36201		0.190097	-0.154964	-0.969458
46.8741	-36.4365	-3.48932		0.00527061	-0.189482	-0.98187
52.4658	-42.5197	-2.63809		-0.0117518	-0.246687	-0.969024
29.4343	-12.9137	-5.8935		0.343906	0.722796	-0.599412
41.4363	-18.0535	-5.25509		0.572489	0.567656	-0.591627
46.099	-26.5644	-3.85057		0.787436	0.25646	-0.560511
49.1007	-35.6515	-2.44605		0.647097	0.306374	-0.698141
56.1199	-42.5197	-1.80763		0.427528	0.499344	-0.753575
29.4343	-10.6299	0.68376		0.410926	0.911668	-0.00128458
42.0851	-16.3601	0.68376		0.67152	0.740986	0.000899038
46.9294	-25.5782	0.68376		0.922026	0.38706	0.00725265
50.1129	-35.2947	0.683759		0.84691	0.531556	0.0138541
57.7808	-42.5197	0.683759		0.535924	0.844201	0.0105047
29.4344	-12.9137	7.26102		0.341188	0.722823	0.600931
41.4363	-18.0535	6.62261		0.578664	0.561139	0.591838
46.099	-26.5644	5.21809		0.784869	0.25102	0.566542
49.1007	-35.6515	3.81356		0.642681	0.302257	0.70399
56.1199	-42.5197	3.17515		0.418589	0.500042	0.758117
29.4343	-17.938	9.45344		0.115806	0.0791394	0.990114
40.0089	-21.7789	8.60222		0.232811	-0.012565	0.972441
44.2719	-28.734	6.72953		0.206662	-0.153601	0.96628
46.8741	-36.4365	4.85683		0.0244992	-0.161443	0.986578
52.4658	-42.5197	4.00561		0.00338168	-0.211116	0.977455
29.4343	-22.9623	7.26102		-0.134912	-0.687491	0.713551
38.5815	-25.5043	6.62261		-0.31954	-0.633073	0.705062
42.4449	-30.9036	5.21809		-0.603902	-0.461442	0.649903
44.6474	-37.2216	3.81356		-0.631815	-0.437169	0.640072
48.8118	-42.5197	3.17515		-0.424305	-0.612707	0.666749
48.4243	-43.2671	0.683759		-0.425799	-0.904753	-0.010805
49.3654	-43.5162	0.683759		0.0220398	-0.999756	-0.00162348
49.6423	-43.2671	0.683759		0.999598	-0.0258803	-0.0115564
48.9225	-42.5197	0.683759		0.709585	0.704553	-0.00967197
50.2031	-43.3036	-1.65192		-0.259858	-0.791938	-0.552547
51.035	-43.5746	-1.30935		0.00953706	-0.99972	0.0216687
51.0599	-43.3182	-0.966786		0.410154	-0.332917	0.849082
50.0298	-42.5197	-0.811074		0.541523	0.548621	0.636999
54.1164	-43.3839	-2.43048		0.0463099	-0.455226	-0.889171
54.7081	-43.7031	-1.97372		-0.0106888	-0.988795	-0.148898
54.1787	-43.4306	-1.51697		-0.0443756	-0.682946	0.729119
52.4658	-42.5197	-1.30935		0.122825	-0.00923261	0.992385
58.0297	-43.4642	-1.65192		0.481838	0.180441	-0.857481
58.3812	-43.8316	-1.30935		0.455274	-0.736749	-0.499926
57.2975	-43.543	-0.966786		-0.220542	-0.907193	0.358277
54.9019	-42.5197	-0.811074		-0.235919	-0.657251	0.715796
59.8085	-43.5007	0.683759		0.728091	0.685303	0.015585
60.0507	-43.8899	0.683759		0.888739	-0.45811	0.0166791
58.7151	-43.5941	0.683759		-0.260097	-0.965582	-0.00079992
56.0092	-42.5197	0.683759		-0.37161	-0.928378	0.00441747
58.0297	-43.4642	3.01943		0.480164	0.178363	0.858853
58.3812	-43.8316	2.67687		0.488105	-0.716799	0.497948
57.2975	-43.543	2.3343		-0.222004	-0.905399	-0.361893
54.9019	-42.5197	2.17859		-0.235404	-0.663181	-0.710476
54.1164	-43.3839	3.79799		0.0587199	-0.437704	0.897199
54.7081	-43.7031	3.34124		0.001326	-0.986459	0.164
54.1787	-43.4306	2.88448		-0.0441894	-0.681675	-0.730319
52.4658	-42.5197	2.67687		0.138801	0.034189	-0.98973
50.2031	-43.3036	3.01943		-0.25889	-0.797206	0.545379
51.035	-43.5746	2.67687		0.0122682	-0.999739	-0.0192847
51.0599	-43.3182	2.3343		0.39863	-0.354893	-0.845663
50.0298	-42.5197	2.17859		0.537564	0.581401	-0.610736
-0.683761	-55.8071	0.683758		0.0	-1.0	0.0
5.35093	-54.9351	0.683758		0.82454	-0.565803	-1.73924e-005
5.07411	-52.8174	0.683758		0.917701	0.397272	-3.40282e-005
2.80418	-50.2015	0.683758		0.935269	0.353939	-0.000112827
2.85955	-47.8346	0.683759		0.780713	-0.62489	-7.51985e-005
4.88535	-54.9351	-1.69117		0.762641	-0.565035	-0.314825
4.62975	-52.8174	-1.58181		0.847982	0.397997	-0.350035
2.53457	-50.2015	-0.687361		0.864141	0.35526	-0.356442
2.58494	-47.8346	-0.70699		0.720992	-0.625625	-0.297933
3.60648	-54.9351	-3.60648		0.583357	-0.565165	-0.583338
3.40931	-52.8174	-3.40932		0.648485	0.398726	-0.648448
1.79455	-50.2015	-1.79455		0.660872	0.355894	-0.660748
1.83199	-47.8347	-1.83199		0.551863	-0.625288	-0.55178
1.69116	-54.9351	-4.88535		0.314824	-0.565051	-0.762629
1.58181	-52.8174	-4.62975		0.350045	0.397976	-0.847988
0.687359	-50.2015	-2.53457		0.356474	0.3552	-0.864153
0.706987	-47.8346	-2.58494		0.297982	-0.625515	-0.721067
-0.683761	-54.9351	-5.35094		-1.74104e-005	-0.565803	-0.82454
-0.683761	-52.8174	-5.07412		-3.40347e-005	0.397272	-0.917701
-0.683761	-50.2015	-2.80418		-0.000112803	0.353939	-0.935268
-0.683761	-47.8346	-2.85955		-7.52088e-005	-0.62489	-0.780713
-3.05868	-54.9351	-4.88535		-0.314825	-0.565035	-0.762641
-2.94933	-52.8174	-4.62975		-0.350034	0.397997	-0.847982
-2.05488	-50.2015	-2.53457		-0.356442	0.35526	-0.864141
-2.07451	-47.8346	-2.58494		-0.297933	-0.625625	-0.720992
-4.974	-54.9351	-3.60648		-0.583338	-0.565165	-0.583357
-4.77683	-52.8174	-3.40932		-0.648448	0.398726	-0.648485
-3.16207	-50.2015	-1.79455		-0.660748	0.355894	-0.660872
-3.19951	-47.8347	-1.83199		-0.55178	-0.625288	-0.551863
-6.25287	-54.9351	-1.69117		-0.762629	-0.565051	-0.314824
-5.99727	-52.8174	-1.58181		-0.847988	0.397976	-0.350045
-3.90209	-50.2015	-0.687361		-0.864153	0.3552	-0.356474
-3.95246	-47.8346	-0.70699		-0.721067	-0.625515	-0.297982
-6.71846	-54.9351	0.683758		-0.82454	-0.565803	1.7396e-005
-6.44164	-52.8174	0.683758		-0.917701	0.397272	3.40548e-005
-4.1717	-50.2015	0.683758		-0.935268	0.353939	0.000112809
-4.22707	-47.8346	0.683759		-0.780713	-0.62489	7.51923e-005
-6.25287	-54.9351	3.05868		-0.762641	-0.565035	0.314825
-5.99727	-52.8174	2.94933		-0.847982	0.397997	0.350034
-3.90209	-50.2015	2.05488		-0.864141	0.35526	0.356442
-3.95246	-47.8346	2.07451		-0.720992	-0.625625	0.297933
-4.974	-54.9351	4.974		-0.583357	-0.565165	0.583338
-4.77683	-52.8174	4.77683		-0.648485	0.398726	0.648448
-3.16207	-50.2015	3.16207		-0.660872	0.355894	0.660748
-3.19951	-47.8347	3.19951		-0.551863	-0.625288	0.55178
-3.05868	-54.9351	6.25287		-0.314824	-0.565051	0.762629
-2.94933	-52.8174	5.99727		-0.350045	0.397976	0.847988
-2.05488	-50.2015	3.90209		-0.356474	0.355199	0.864153
-2.07451	-47.8346	3.95246		-0.297982	-0.625515	0.721067
-0.683761	-54.9351	6.71845		1.74104e-005	-0.565803	0.82454
-0.683761	-52.8174	6.44163		3.40392e-005	0.397272	0.917701
-0.683761	-50.2015	4.1717		0.000112817	0.353939	0.935269
-0.683761	-47.8346	4.22707		7.52081e-005	-0.62489	0.780713
1.69116	-54.9351	6.25287		0.314825	-0.565035	0.762641
1.58181	-52.8174	5.99727		0.350034	0.397997	0.847982
0.687359	-50.2015	3.90209		0.356442	0.35526	0.864141
0.706987	-47.8346	3.95246		0.297933	-0.625625	0.720992
3.60648	-54.9351	4.974		0.583338	-0.565165	0.583357
3.40931	-52.8174	4.77683		0.648448	0.398726	0.648485
1.79455	-50.2015	3.16207		0.660748	0.355894	0.660872
1.83199	-47.8347	3.19951		0.55178	-0.625288	0.551863
4.88535	-54.9351	3.05868		0.762629	-0.565051	0.314824
4.62975	-52.8174	2.94933		0.847988	0.397976	0.350045
2.53457	-50.2015	2.05488		0.864153	0.3552	0.356474
2.58494	-47.8346	2.07451		0.721067	-0.625515	0.297982
7.39941	-46.2568	0.683759		0.236583	-0.971611	0.0
13.9324	-45.1772	0.683759		0.173084	-0.984907	0.0
19.801	-44.0976	0.683759		0.379703	-0.925108	0.0
22.3477	-42.5197	0.683759		0.526672	-0.850068	0.0
6.77296	-46.2568	-2.48889		0.217978	-0.971775	-0.0902167
12.7996	-45.1772	-5.05308		0.159589	-0.984977	-0.0659617
18.2134	-44.0976	-7.3565		0.350498	-0.925312	-0.14474
20.5628	-42.5197	-8.3561		0.485589	-0.850653	-0.201474
5.05529	-46.2568	-5.05529		0.166631	-0.971838	-0.166631
9.6937	-45.1772	-9.6937		0.121908	-0.985026	-0.121908
13.8604	-44.0976	-13.8604		0.267667	-0.925585	-0.267668
15.6686	-42.5197	-15.6686		0.371314	-0.851029	-0.371315
2.48888	-46.2568	-6.77296		0.0902168	-0.971775	-0.217978
5.05307	-45.1772	-12.7996		0.0659617	-0.984977	-0.159589
7.3565	-44.0976	-18.2134		0.14474	-0.925312	-0.350498
8.3561	-42.5197	-20.5628		0.201474	-0.850654	-0.485589
-0.683761	-46.2568	-7.39941		0.0	-0.971611	-0.236583
-0.683761	-45.1772	-13.9324		0.0	-0.984907	-0.173084
-0.683761	-44.0976	-19.801		0.0	-0.925108	-0.379703
-0.683761	-42.5197	-22.3477		0.0	-0.850068	-0.526672
-3.8564	-46.2568	-6.77296		-0.0902167	-0.971775	-0.217978
-6.4206	-45.1772	-12.7996		-0.0659617	-0.984977	-0.159589
-8.72402	-44.0976	-18.2134		-0.14474	-0.925312	-0.350498
-9.72362	-42.5197	-20.5628		-0.201474	-0.850653	-0.485589
-6.42281	-46.2568	-5.05529		-0.166631	-0.971837	-0.166631
-11.0612	-45.1772	-9.6937		-0.121908	-0.985026	-0.121908
-15.2279	-44.0976	-13.8604		-0.267668	-0.925585	-0.267667
-17.0361	-42.5197	-15.6686		-0.371315	-0.851029	-0.371314
-8.14048	-46.2568	-2.48889		-0.217978	-0.971775	-0.0902167
-14.1672	-45.1772	-5.05308		-0.159589	-0.984977	-0.0659617
-19.5809	-44.0976	-7.3565		-0.350498	-0.925312	-0.14474
-21.9303	-42.5197	-8.3561		-0.485589	-0.850654	-0.201474
-8.76693	-46.2568	0.683759		-0.236584	-0.971611	0.0
-15.2999	-45.1772	0.683759		-0.173084	-0.984907	0.0
-21.1685	-44.0976	0.683759		-0.379703	-0.925108	0.0
-23.7153	-42.5197	0.683759		-0.526672	-0.850068	0.0
-8.14048	-46.2568	3.8564		-0.217978	-0.971775	0.0902167
-14.1672	-45.1772	6.42059		-0.159589	-0.984977	0.0659617
-19.5809	-44.0976	8.72402		-0.350498	-0.925312	0.14474
-21.9303	-42.5197	9.72362		-0.485589	-0.850653	0.201474
-6.42281	-46.2568	6.42281		-0.166631	-0.971838	0.166631
-11.0612	-45.1772	11.0612		-0.121908	-0.985026	0.121908
-15.2279	-44.0976	15.2279		-0.267667	-0.925585	0.267668
-17.0361	-42.5197	17.0361		-0.371314	-0.85103	0.371314
-3.8564	-46.2568	8.14048		-0.0902167	-0.971775	0.217978
-6.4206	-45.1772	14.1671		-0.0659617	-0.984977	0.159589
-8.72402	-44.0976	19.5809		-0.14474	-0.925312	0.350498
-9.72362	-42.5197	21.9303		-0.201474	-0.850654	0.485589
-0.683761	-46.2568	8.76693		0.0	-0.971611	0.236583
-0.683761	-45.1772	15.2999		0.0	-0.984907	0.173084
-0.683761	-44.0976	21.1685		0.0	-0.925108	0.379703
-0.683761	-42.5197	23.7153		0.0	-0.850068	0.526672
2.48888	-46.2568	8.14048		0.0902167	-0.971775	0.217978
5.05307	-45.1772	14.1671		0.0659617	-0.984977	0.159589
7.3565	-44.0976	19.5809		0.14474	-0.925312	0.350498
8.3561	-42.5197	21.9303		0.201474	-0.850653	0.485589
5.05529	-46.2568	6.42281		0.166631	-0.971838	0.166631
9.6937	-45.1772	11.0612		0.121908	-0.985026	0.121908
13.8604	-44.0976	15.2279		0.267668	-0.925585	0.267667
15.6686	-42.5197	17.0361		0.371315	-0.851029	0.371314
6.77296	-46.2568	3.8564		0.217978	-0.971775	0.0902168
12.7996	-45.1772	6.42059		0.159589	-0.984977	0.0659617
18.2134	-44.0976	8.72402		0.350498	-0.925312	0.14474
20.5628	-42.5197	9.72362		0.485589	-0.850654	0.201474

2.0 2.0 0.0
2.0 1.975 0.0
2.0 1.95 0.0
2.0 1.925 0.0
2.0 1.9 0.0
1.75 2.0 0.0
1.75 1.975 0.0
1.75 1.95 0.0
1.75 1.925 0.0
1.75 1.9 0.0
1.5 2.0 0.0
1.5 1.975 0.0
1.5 1.95 0.0
1.5 1.925 0.0
1.5 1.9 0.0
1.25 2.0 0.0
1.25 1.975 0.0
1.25 1.95 0.0
1.25 1.925 0.0
1.25 1.9 0.0
1.0 2.0 0.0
1.0 1.975 0.0
1.0 1.95 0.0
1.0 1.925 0.0
1.0 1.9 0.0
1.0 2.0 0.0
1.0 1.975 0.0
1.0 1.95 0.0
1.0 1.925 0.0
1.0 1.9 0.0
0.75 2.0 0.0
0.75 1.975 0.0
0.75 1.95 0.0
0.75 1.925 0.0
0.75 1.9 0.0
0.5 2.0 0.0
0.5 1.975 0.0
0.5 1.95 0.0
0.5 1.925 0.0
0.5 1.9 0.0
0.25 2.0 0.0
0.25 1.975 0.0
0.25 1.95 0.0
0.25 1.925 0.0
0.25 1.9 0.0
0.0 2.0 0.0
0.0 1.975 0.0
0.0 1.95 0.0
0.0 1.925 0.0
0.0 1.9 0.0
2.0 2.0 0.0
2.0 1.975 0.0
2.0 1.95 0.0
2.0 1.925 0.0
2.0 1.9 0.0
1.75 2.0 0.0
1.75 1.975 0.0
1.75 1.95 0.0
1.75 1.925 0.0
1.75 1.9 0.0
1.5 2.0 0.0
1.5 1.975 0.0
1.5 1.95 0.0
1.5 1.925 0.0
1.5 1.9 0.0
1.25 2.0 0.0
1.25 1.975 0.0
1.25 1.95 0.0
1.25 1.925 0.0
1.25 1.9 0.0
1.0 2.0 0.0
1.0 1.975 0.0
1.0 1.95 0.0
1.0 1.925 0.0
1.0 1.9 0.0
1.0 2.0 0.0
1.0 1.975 0.0
1.0 1.95 0.0
1.0 1.925 0.0
1.0 1.9 0.0
0.75 2.0 0.0
0.75 1.975 0.0
0.75 1.95 0.0
0.75 1.925 0.0
0.75 1.9 0.0
0.5 2.0 0.0
0.5 1.975 0.0
0.5 1.95 0.0
0.5 1.925 0.0
0.5 1.9 0.0
0.25 2.0 0.0
0.25 1.975 0.0
0.25 1.95 0.0
0.25 1.925 0.0
0.25 1.9 0.0
0.0 2.0 0.0
0.0 1.975 0.0
0.0 1.95 0.0
0.0 1.925 0.0
0.0 1.9 0.0
2.0 1.9 0.0
2.0 1.675 0.0
2.0 1.45 0.0
2.0 1.225 0.0
2.0 1.0 0.0
1.75 1.9 0.0
1.75 1.675 0.0
1.75 1.45 0.0
1.75 1.225 0.0
1.75 1.0 0.0
1.5 1.9 0.0
1.5 1.675 0.0
1.5 1.45 0.0
1.5 1.225 0.0
1.5 1.0 0.0
1.25 1.9 0.0
1.25 1.675 0.0
1.25 1.45 0.0
1.25 1.225 0.0
1.25 1.0 0.0
1.0 1.9 0.0
1.0 1.675 0.0
1.0 1.45 0.0
1.0 1.225 0.0
1.0 1.0 0.0
1.0 1.9 0.0
1.0 1.675 0.0
1.0 1.45 0.0
1.0 1.225 0.0
1.0 1.0 0.0
0.75 1.9 0.0
0.75 1.675 0.0
0.75 1.45 0.0
0.75 1.225 0.0
0.75 1.0 0.0
0.5 1.9 0.0
0.5 1.675 0.0
0.5 1.45 0.0
0.5 1.225 0.0
0.5 1.0 0.0
0.25 1.9 0.0
0.25 1.675 0.0
0.25 1.45 0.0
0.25 1.225 0.0
0.25 1.0 0.0
0.0 1.9 0.0
0.0 1.675 0.0
0.0 1.45 0.0
0.0 1.225 0.0
0.0 1.0 0.0
2.0 1.9 0.0
2.0 1.675 0.0
2.0 1.45 0.0
2.0 1.225 0.0
2.0 1.0 0.0
1.75 1.9 0.0
1.75 1.675 0.0
1.75 1.45 0.0
1.75 1.225 0.0
1.75 1.0 0.0
1.5 1.9 0.0
1.5 1.675 0.0
1.5 1.45 0.0
1.5 1.225 0.0
1.5 1.0 0.0
1.25 1.9 0.0
1.25 1.675 0.0
1.25 1.45 0.0
1.25 1.225 0.0
1.25 1.0 0.0
1.0 1.9 0.0
1.0 1.675 0.0
1.0 1.45 0.0
1.0 1.225 0.0
1.0 1.0 0.0
1.0 1.9 0.0
1.0 1.675 0.0
1.0 1.45 0.0
1.0 1.225 0.0
1.0 1.0 0.0
0.75 1.9 0.0
0.75 1.675 0.0
0.75 1.45 0.0
0.75 1.225 0.0
0.75 1.0 0.0
0.5 1.9 0.0
0.5 1.675 0.0
0.5 1.45 0.0
0.5 1.225 0.0
0.5 1.0 0.0
0.25 1.9 0.0
0.25 1.675 0.0
0.25 1.45 0.0
0.25 1.225 0.0
0.25 1.0 0.0
0.0 1.9 0.0
0.0 1.675 0.0
0.0 1.45 0.0
0.0 1.225 0.0
0.0 1.0 0.0
2.0 1.0 0.0
2.0 0.85 0.0
2.0 0.7 0.0
2.0 0.55 0.0
2.0 0.4 0.0
1.75 1.0 0.0
1.75 0.85 0.0
1.75 0.7 0.0
1.75 0.55 0.0
1.75 0.4 0.0
1.5 1.0 0.0
1.5 0.85 0.0
1.5 0.7 0.0
1.5 0.55 0.0
1.5 0.4 0.0
1.25 1.0 0.0
1.25 0.85 0.0
1.25 0.7 0.0
1.25 0.55 0.0
1.25 0.4 0.0
1.0 1.0 0.0
1.0 0.85 0.0
1.0 0.7 0.0
1.0 0.55 0.0
1.0 0.4 0.0
1.0 1.0 0.0
1.0 0.85 0.0
1.0 0.7 0.0
1.0 0.55 0.0
1.0 0.4 0.0
0.75 1.0 0.0
0.75 0.85 0.0
0.75 0.7 0.0
0.75 0.55 0.0
0.75 0.4 0.0
0.5 1.0 0.0
0.5 0.85 0.0
0.5 0.7 0.0
0.5 0.55 0.0
0.5 0.4 0.0
0.25 1.0 0.0
0.25 0.85 0.0
0.25 0.7 0.0
0.25 0.55 0.0
0.25 0.4 0.0
0.0 1.0 0.0
0.0 0.85 0.0
0.0 0.7 0.0
0.0 0.55 0.0
0.0 0.4 0.0
2.0 1.0 0.0
2.0 0.85 0.0
2.0 0.7 0.0
2.0 0.55 0.0
2.0 0.4 0.0
1.75 1.0 0.0
1.75 0.85 0.0
1.75 0.7 0.0
1.75 0.55 0.0
1.75 0.4 0.0
1.5 1.0 0.0
1.5 0.85 0.0
1.5 0.7 0.0
1.5 0.55 0.0
1.5 0.4 0.0
1.25 1.0 0.0
1.25 0.85 0.0
1.25 0.7 0.0
1.25 0.55 0.0
1.25 0.4 0.0
1.0 1.0 0.0
1.0 0.85 0.0
1.0 0.7 0.0
1.0 0.55 0.0
1.0 0.4 0.0
1.0 1.0 0.0
1.0 0.85 0.0
1.0 0.7 0.0
1.0 0.55 0.0
1.0 0.4 0.0
0.75 1.0 0.0
0.75 0.85 0.0
0.75 0.7 0.0
0.75 0.55 0.0
0.75 0.4 0.0
0.5 1.0 0.0
0.5 0.85 0.0
0.5 0.7 0.0
0.5 0.55 0.0
0.5 0.4 0.0
0.25 1.0 0.0
0.25 0.85 0.0
0.25 0.7 0.0
0.25 0.55 0.0
0.25 0.4 0.0
0.0 1.0 0.0
0.0 0.85 0.0
0.0 0.7 0.0
0.0 0.55 0.0
0.0 0.4 0.0
2.0 0.4 0.0
2.0 0.3 0.0
2.0 0.2 0.0
2.0 0.1 0.0
2.0 0.0 0.0
1.75 0.4 0.0
1.75 0.3 0.0
1.75 0.2 0.0
1.75 0.1 0.0
1.75 0.0 0.0
1.5 0.4 0.0
1.5 0.3 0.0
1.5 0.2 0.0
1.5 0.1 0.0
1.5 0.0 0.0
1.25 0.4 0.0
1.25 0.3 0.0
1.25 0.2 0.0
1.25 0.1 0.0
1.25 0.0 0.0
1.0 0.4 0.0
1.0 0.3 0.0
1.0 0.2 0.0
1.0 0.1 0.0
1.0 0.0 0.0
1.0 0.4 0.0
1.0 0.3 0.0
1.0 0.2 0.0
1.0 0.1 0.0
1.0 0.0 0.0
0.75 0.4 0.0
0.75 0.3 0.0
0.75 0.2 0.0
0.75 0.1 0.0
0.75 0.0 0.0
0.5 0.4 0.0
0.5 0.3 0.0
0.5 0.2 0.0
0.5 0.1 0.0
0.5 0.0 0.0
0.25 0.4 0.0
0.25 0.3 0.0
0.25 0.2 0.0
0.25 0.1 0.0
0.25 0.0 0.0
0.0 0.4 0.0
0.0 0.3 0.0
0.0 0.2 0.0
0.0 0.1 0.0
0.0 0.0 0.0
2.0 0.4 0.0
2.0 0.3 0.0
2.0 0.2 0.0
2.0 0.1 0.0
2.0 0.0 0.0
1.75 0.4 0.0
1.75 0.3 0.0
1.75 0.2 0.0
1.75 0.1 0.0
1.75 0.0 0.0
1.5 0.4 0.0
1.5 0.3 0.0
1.5 0.2 0.0
1.5 0.1 0.0
1.5 0.0 0.0
1.25 0.4 0.0
1.25 0.3 0.0
1.25 0.2 0.0
1.25 0.1 0.0
1.25 0.0 0.0
1.0 0.4 0.0
1.0 0.3 0.0
1.0 0.2 0.0
1.0 0.1 0.0
1.0 0.0 0.0
1.0 0.4 0.0
1.0 0.3 0.0
1.0 0.2 0.0
1.0 0.1 0.0
1.0 0.0 0.0
0.75 0.4 0.0
0.75 0.3 0.0
0.75 0.2 0.0
0.75 0.1 0.0
0.75 0.0 0.0
0.5 0.4 0.0
0.5 0.3 0.0
0.5 0.2 0.0
0.5 0.1 0.0
0.5 0.0 0.0
0.25 0.4 0.0
0.25 0.3 0.0
0.25 0.2 0.0
0.25 0.1 0.0
0.25 0.0 0.0
0.0 0.4 0.0
0.0 0.3 0.0
0.0 0.2 0.0
0.0 0.1 0.0
0.0 0.0 0.0
1.0 1.0 0.0
1.0 0.875 0.0
1.0 0.75 0.0
1.0 0.625 0.0
1.0 0.5 0.0
0.875 1.0 0.0
0.875 0.875 0.0
0.875 0.75 0.0
0.875 0.625 0.0
0.875 0.5 0.0
0.75 1.0 0.0
0.75 0.875 0.0
0.75 0.75 0.0
0.75 0.625 0.0
0.75 0.5 0.0
0.625 1.0 0.0
0.625 0.875 0.0
0.625 0.75 0.0
0.625 0.625 0.0
0.625 0.5 0.0
0.5 1.0 0.0
0.5 0.875 0.0
0.5 0.75 0.0
0.5 0.625 0.0
0.5 0.5 0.0
0.5 1.0 0.0
0.5 0.875 0.0
0.5 0.75 0.0
0.5 0.625 0.0
0.5 0.5 0.0
0.375 1.0 0.0
0.375 0.875 0.0
0.375 0.75 0.0
0.375 0.625 0.0
0.375 0.5 0.0
0.25 1.0 0.0
0.25 0.875 0.0
0.25 0.75 0.0
0.25 0.625 0.0
0.25 0.5 0.0
0.125 1.0 0.0
0.125 0.875 0.0
0.125 0.75 0.0
0.125 0.625 0.0
0.125 0.5 0.0
0.0 1.0 0.0
0.0 0.875 0.0
0.0 0.75 0.0
0.0 0.625 0.0
0.0 0.5 0.0
1.0 0.5 0.0
1.0 0.375 0.0
1.0 0.25 0.0
1.0 0.125 0.0
1.0 0.0 0.0
0.875 0.5 0.0
0.875 0.375 0.0
0.875 0.25 0.0
0.875 0.125 0.0
0.875 0.0 0.0
0.75 0.5 0.0
0.75 0.375 0.0
0.75 0.25 0.0
0.75 0.125 0.0
0.75 0.0 0.0
0.625 0.5 0.0
0.625 0.375 0.0
0.625 0.25 0.0
0.625 0.125 0.0
0.625 0.0 0.0
0.5 0.5 0.0
0.5 0.375 0.0
0.5 0.25 0.0
0.5 0.125 0.0
0.5 0.0 0.0
0.5 0.5 0.0
0.5 0.375 0.0
0.5 0.25 0.0
0.5 0.125 0.0
0.5 0.0 0.0
0.375 0.5 0.0
0.375 0.375 0.0
0.375 0.25 0.0
0.375 0.125 0.0
0.375 0.0 0.0
0.25 0.5 0.0
0.25 0.375 0.0
0.25 0.25 0.0
0.25 0.125 0.0
0.25 0.0 0.0
0.125 0.5 0.0
0.125 0.375 0.0
0.125 0.25 0.0
0.125 0.125 0.0
0.125 0.0 0.0
0.0 0.5 0.0
0.0 0.375 0.0
0.0 0.25 0.0
0.0 0.125 0.0
0.0 0.0 0.0
0.5 0.0 0.0
0.5 0.225 0.0
0.5 0.45 0.0
0.5 0.675 0.0
0.5 0.9 0.0
0.625 0.0 0.0
0.625 0.225 0.0
0.625 0.45 0.0
0.625 0.675 0.0
0.625 0.9 0.0
0.75 0.0 0.0
0.75 0.225 0.0
0.75 0.45 0.0
0.75 0.675 0.0
0.75 0.9 0.0
0.875 0.0 0.0
0.875 0.225 0.0
0.875 0.45 0.0
0.875 0.675 0.0
0.875 0.9 0.0
1.0 0.0 0.0
1.0 0.225 0.0
1.0 0.45 0.0
1.0 0.675 0.0
1.0 0.9 0.0
0.0 0.0 0.0
0.0 0.225 0.0
0.0 0.45 0.0
0.0 0.675 0.0
0.0 0.9 0.0
0.125 0.0 0.0
0.125 0.225 0.0
0.125 0.45 0.0
0.125 0.675 0.0
0.125 0.9 0.0
0.25 0.0 0.0
0.25 0.225 0.0
0.25 0.45 0.0
0.25 0.675 0.0
0.25 0.9 0.0
0.375 0.0 0.0
0.375 0.225 0.0
0.375 0.45 0.0
0.375 0.675 0.0
0.375 0.9 0.0
0.5 0.0 0.0
0.5 0.225 0.0
0.5 0.45 0.0
0.5 0.675 0.0
0.5 0.9 0.0
0.5 0.9 0.0
0.5 0.925 0.0
0.5 0.95 0.0
0.5 0.975 0.0
0.5 1.0 0.0
0.625 0.9 0.0
0.625 0.925 0.0
0.625 0.95 0.0
0.625 0.975 0.0
0.625 1.0 0.0
0.75 0.9 0.0
0.75 0.925 0.0
0.75 0.95 0.0
0.75 0.975 0.0
0.75 1.0 0.0
0.875 0.9 0.0
0.875 0.925 0.0
0.875 0.95 0.0
0.875 0.975 0.0
0.875 1.0 0.0
1.0 0.9 0.0
1.0 0.925 0.0
1.0 0.95 0.0
1.0 0.975 0.0
1.0 1.0 0.0
0.0 0.9 0.0
0.0 0.925 0.0
0.0 0.95 0.0
0.0 0.975 0.0
0.0 1.0 0.0
0.125 0.9 0.0
0.125 0.925 0.0
0.125 0.95 0.0
0.125 0.975 0.0
0.125 1.0 0.0
0.25 0.9 0.0
0.25 0.925 0.0
0.25 0.95 0.0
0.25 0.975 0.0
0.25 1.0 0.0
0.375 0.9 0.0
0.375 0.925 0.0
0.375 0.95 0.0
0.375 0.975 0.0
0.375 1.0 0.0
0.5 0.9 0.0
0.5 0.925 0.0
0.5 0.95 0.0
0.5 0.975 0.0
0.5 1.0 0.0
1.0 1.0 0.0
1.0 0.75 0.0
1.0 0.5 0.0
1.0 0.25 0.0
1.0 0.0 0.0
0.875 1.0 0.0
0.875 0.75 0.0
0.875 0.5 0.0
0.875 0.25 0.0
0.875 0.0 0.0
0.75 1.0 0.0
0.75 0.75 0.0
0.75 0.5 0.0
0.75 0.25 0.0
0.75 0.0 0.0
0.625 1.0 0.0
0.625 0.75 0.0
0.625 0.5 0.0
0.625 0.25 0.0
0.625 0.0 0.0
0.5 1.0 0.0
0.5 0.75 0.0
0.5 0.5 0.0
0.5 0.25 0.0
0.5 0.0 0.0
0.5 1.0 0.0
0.5 0.75 0.0
0.5 0.5 0.0
0.5 0.25 0.0
0.5 0.0 0.0
0.375 1.0 0.0
0.375 0.75 0.0
0.375 0.5 0.0
0.375 0.25 0.0
0.375 0.0 0.0
0.25 1.0 0.0
0.25 0.75 0.0
0.25 0.5 0.0
0.25 0.25 0.0
0.25 0.0 0.0
0.125 1.0 0.0
0.125 0.75 0.0
0.125 0.5 0.0
0.125 0.25 0.0
0.125 0.0 0.0
0.0 1.0 0.0
0.0 0.75 0.0
0.0 0.5 0.0
0.0 0.25 0.0
0.0 0.0 0.0
1.0 1.0 0.0
1.0 0.75 0.0
1.0 0.5 0.0
1.0 0.25 0.0
1.0 0.0 0.0
0.875 1.0 0.0
0.875 0.75 0.0
0.875 0.5 0.0
0.875 0.25 0.0
0.875 0.0 0.0
0.75 1.0 0.0
0.75 0.75 0.0
0.75 0.5 0.0
0.75 0.25 0.0
0.75 0.0 0.0
0.625 1.0 0.0
0.625 0.75 0.0
0.625 0.5 0.0
0.625 0.25 0.0
0.625 0.0 0.0
0.5 1.0 0.0
0.5 0.75 0.0
0.5 0.5 0.0
0.5 0.25 0.0
0.5 0.0 0.0
0.5 1.0 0.0
0.5 0.75 0.0
0.5 0.5 0.0
0.5 0.25 0.0
0.5 0.0 0.0
0.375 1.0 0.0
0.375 0.75 0.0
0.375 0.5 0.0
0.375 0.25 0.0
0.375 0.0 0.0
0.25 1.0 0.0
0.25 0.75 0.0
0.25 0.5 0.0
0.25 0.25 0.0
0.25 0.0 0.0
0.125 1.0 0.0
0.125 0.75 0.0
0.125 0.5 0.0
0.125 0.25 0.0
0.125 0.0 0.0
0.0 1.0 0.0
0.0 0.75 0.0
0.0 0.5 0.0
0.0 0.25 0.0
0.0 0.0 0.0
1.0 1.0 0.0
1.0 0.75 0.0
1.0 0.5 0.0
1.0 0.25 0.0
1.0 0.0 0.0
0.875 1.0 0.0
0.875 0.75 0.0
0.875 0.5 0.0
0.875 0.25 0.0
0.875 0.0 0.0
0.75 1.0 0.0
0.75 0.75 0.0
0.75 0.5 0.0
0.75 0.25 0.0
0.75 0.0 0.0
0.625 1.0 0.0
0.625 0.75 0.0
0.625 0.5 0.0
0.625 0.25 0.0
0.625 0.0 0.0
0.5 1.0 0.0
0.5 0.75 0.0
0.5 0.5 0.0
0.5 0.25 0.0
0.5 0.0 0.0
0.5 1.0 0.0
0.5 0.75 0.0
0.5 0.5 0.0
0.5 0.25 0.0
0.5 0.0 0.0
0.375 1.0 0.0
0.375 0.75 0.0
0.375 0.5 0.0
0.375 0.25 0.0
0.375 0.0 0.0
0.25 1.0 0.0
0.25 0.75 0.0
0.25 0.5 0.0
0.25 0.25 0.0
0.25 0.0 0.0
0.125 1.0 0.0
0.125 0.75 0.0
0.125 0.5 0.0
0.125 0.25 0.0
0.125 0.0 0.0
0.0 1.0 0.0
0.0 0.75 0.0
0.0 0.5 0.0
0.0 0.25 0.0
0.0 0.0 0.0
1.0 1.0 0.0
1.0 0.75 0.0
1.0 0.5 0.0
1.0 0.25 0.0
1.0 0.0 0.0
0.875 1.0 0.0
0.875 0.75 0.0
0.875 0.5 0.0
0.875 0.25 0.0
0.875 0.0 0.0
0.75 1.0 0.0
0.75 0.75 0.0
0.75 0.5 0.0
0.75 0.25 0.0
0.75 0.0 0.0
0.625 1.0 0.0
0.625 0.75 0.0
0.625 0.5 0.0
0.625 0.25 0.0
0.625 0.0 0.0
0.5 1.0 0.0
0.5 0.75 0.0
0.5 0.5 0.0
0.5 0.25 0.0
0.5 0.0 0.0
0.5 1.0 0.0
0.5 0.75 0.0
0.5 0.5 0.0
0.5 0.25 0.0
0.5 0.0 0.0
0.375 1.0 0.0
0.375 0.75 0.0
0.375 0.5 0.0
0.375 0.25 0.0
0.375 0.0 0.0
0.25 1.0 0.0
0.25 0.75 0.0
0.25 0.5 0.0
0.25 0.25 0.0
0.25 0.0 0.0
0.125 1.0 0.0
0.125 0.75 0.0
0.125 0.5 0.0
0.125 0.25 0.0
0.125 0.0 0.0
0.0 1.0 0.0
0.0 0.75 0.0
0.0 0.5 0.0
0.0 0.25 0.0
0.0 0.0 0.0

1	6	7		1	6	7
7	2	1		7	2	1
2	7	8		2	7	8
8	3	2		8	3	2
3	8	9		3	8	9
9	4	3		9	4	3
4	9	10		4	9	10
10	5	4		10	5	4
6	11	12		6	11	12
12	7	6		12	7	6
7	12	13		7	12	13
13	8	7		13	8	7
8	13	14		8	13	14
14	9	8		14	9	8
9	14	15		9	14	15
15	10	9		15	10	9
11	16	17		11	16	17
17	12	11		17	12	11
12	17	18		12	17	18
18	13	12		18	13	12
13	18	19		13	18	19
19	14	13		19	14	13
14	19	20		14	19	20
20	15	14		20	15	14
16	21	22		16	21	22
22	17	16		22	17	16
17	22	23		17	22	23
23	18	17		23	18	17
18	23	24		18	23	24
24	19	18		24	19	18
19	24	25		19	24	25
25	20	19		25	20	19
21	26	27		26	31	32
27	22	21		32	27	26
22	27	28		27	32	33
28	23	22		33	28	27
23	28	29		28	33	34
29	24	23		34	29	28
24	29	30		29	34	35
30	25	24		35	30	29
26	31	32		31	36	37
32	27	26		37	32	31
27	32	33		32	37	38
33	28	27		38	33	32
28	33	34		33	38	39
34	29	28		39	34	33
29	34	35		34	39	40
35	30	29		40	35	34
31	36	37		36	41	42
37	32	31		42	37	36
32	37	38		37	42	43
38	33	32		43	38	37
33	38	39		38	43	44
39	34	33		44	39	38
34	39	40		39	44	45
40	35	34		45	40	39
36	41	42		41	46	47
42	37	36		47	42	41
37	42	43		42	47	48
43	38	37		48	43	42
38	43	44		43	48	49
44	39	38		49	44	43
39	44	45		44	49	50
45	40	39		50	45	44
41	46	47		51	56	57
47	42	41		57	52	51
42	47	48		52	57	58
48	43	42		58	53	52
43	48	49		53	58	59
49	44	43		59	54	53
44	49	50		54	59	60
50	45	44		60	55	54
46	51	52		56	61	62
52	47	46		62	57	56
47	52	53		57	62	63
53	48	47		63	58	57
48	53	54		58	63	64
54	49	48		64	59	58
49	54	55		59	64	65
55	50	49		65	60	59
51	56	57		61	66	67
57	52	51		67	62	61
52	57	58		62	67	68
58	53	52		68	63	62
53	58	59		63	68	69
59	54	53		69	64	63
54	59	60		64	69	70
60	55	54		70	65	64
56	61	62		66	71	72
62	57	56		72	67	66
57	62	63		67	72	73
63	58	57		73	68	67
58	63	64		68	73	74
64	59	58		74	69	68
59	64	65		69	74	75
65	60	59		75	70	69
61	66	67		76	81	82
67	62	61		82	77	76
62	67	68		77	82	83
68	63	62		83	78	77
63	68	69		78	83	84
69	64	63		84	79	78
64	69	70		79	84	85
70	65	64		85	80	79
66	71	72		81	86	87
72	67	66		87	82	81
67	72	73		82	87	88
73	68	67		88	83	82
68	73	74		83	88	89
74	69	68		89	84	83
69	74	75		84	89	90
75	70	69		90	85	84
71	76	77		86	91	92
77	72	71		92	87	86
72	77	78		87	92	93
78	73	72		93	88	87
73	78	79		88	93	94
79	74	73		94	89	88
74	79	80		89	94	95
80	75	74		95	90	89
76	1	2		91	96	97
2	77	76		97	92	91
77	2	3		92	97	98
3	78	77		98	93	92
78	3	4		93	98	99
4	79	78		99	94	93
79	4	5		94	99	100
5	80	79		100	95	94
5	10	85		101	106	107
85	81	5		107	102	101
81	85	86		102	107	108
86	82	81		108	103	102
82	86	87		103	108	109
87	83	82		109	104	103
83	87	88		104	109	110
88	84	83		110	105	104
10	15	89		106	111	112
89	85	10		112	107	106
85	89	90		107	112	113
90	86	85		113	108	107
86	90	91		108	113	114
91	87	86		114	109	108
87	91	92		109	114	115
92	88	87		115	110	109
15	20	93		111	116	117
93	89	15		117	112	111
89	93	94		112	117	118
94	90	89		118	113	112
90	94	95		113	118	119
95	91	90		119	114	113
91	95	96		114	119	120
96	92	91		120	115	114
20	25	97		116	121	122
97	93	20		122	117	116
93	97	98		117	122	123
98	94	93		123	118	117
94	98	99		118	123	124
99	95	94		124	119	118
95	99	100		119	124	125
100	96	95		125	120	119
25	30	101		126	131	132
101	97	25		132	127	126
97	101	102		127	132	133
102	98	97		133	128	127
98	102	103		128	133	134
103	99	98		134	129	128
99	103	104		129	134	135
104	100	99		135	130	129
30	35	105		131	136	137
105	101	30		137	132	131
101	105	106		132	137	138
106	102	101		138	133	132
102	106	107		133	138	139
107	103	102		139	134	133
103	107	108		134	139	140
108	104	103		140	135	134
35	40	109		136	141	142
109	105	35		142	137	136
105	109	110		137	142	143
110	106	105		143	138	137
106	110	111		138	143	144
111	107	106		144	139	138
107	111	112		139	144	145
112	108	107		145	140	139
40	45	113		141	146	147
113	109	40		147	142	141
109	113	114		142	147	148
114	110	109		148	143	142
110	114	115		143	148	149
115	111	110		149	144	143
111	115	116		144	149	150
116	112	111		150	145	144
45	50	117		151	156	157
117	113	45		157	152	151
113	117	118		152	157	158
118	114	113		158	153	152
114	118	119		153	158	159
119	115	114		159	154	153
115	119	120		154	159	160
120	116	115		160	155	154
50	55	121		156	161	162
121	117	50		162	157	156
117	121	122		157	162	163
122	118	117		163	158	157
118	122	123		158	163	164
123	119	118		164	159	158
119	123	124		159	164	165
124	120	119		165	160	159
55	60	125		161	166	167
125	121	55		167	162	161
121	125	126		162	167	168
126	122	121		168	163	162
122	126	127		163	168	169
127	123	122		169	164	163
123	127	128		164	169	170
128	124	123		170	165	164
60	65	129		166	171	172
129	125	60		172	167	166
125	129	130		167	172	173
130	126	125		173	168	167
126	130	131		168	173	174
131	127	126		174	169	168
127	131	132		169	174	175
132	128	127		175	170	169
65	70	133		176	181	182
133	129	65		182	177	176
129	133	134		177	182	183
134	130	129		183	178	177
130	134	135		178	183	184
135	131	130		184	179	178
131	135	136		179	184	185
136	132	131		185	180	179
70	75	137		181	186	187
137	133	70		187	182	181
133	137	138		182	187	188
138	134	133		188	183	182
134	138	139		183	188	189
139	135	134		189	184	183
135	139	140		184	189	190
140	136	135		190	185	184
75	80	141		186	191	192
141	137	75		192	187	186
137	141	142		187	192	193
142	138	137		193	188	187
138	142	143		188	193	194
143	139	138		194	189	188
139	143	144		189	194	195
144	140	139		195	190	189
80	5	81		191	196	197
81	141	80		197	192	191
141	81	82		192	197	198
82	142	141		198	193	192
142	82	83		193	198	199
83	143	142		199	194	193
143	83	84		194	199	200
84	144	143		200	195	194
84	88	149		201	206	207
149	145	84		207	202	201
145	149	150		202	207	208
150	146	145		208	203	202
146	150	151		203	208	209
151	147	146		209	204	203
147	151	152		204	209	210
152	148	147		210	205	204
88	92	153		206	211	212
153	149	88		212	207	206
149	153	154		207	212	213
154	150	149		213	208	207
150	154	155		208	213	214
155	151	150		214	209	208
151	155	156		209	214	215
156	152	151		215	210	209
92	96	157		211	216	217
157	153	92		217	212	211
153	157	158		212	217	218
158	154	153		218	213	212
154	158	159		213	218	219
159	155	154		219	214	213
155	159	160		214	219	220
160	156	155		220	215	214
96	100	161		216	221	222
161	157	96		222	217	216
157	161	162		217	222	223
162	158	157		223	218	217
158	162	163		218	223	224
163	159	158		224	219	218
159	163	164		219	224	225
164	160	159		225	220	219
100	104	165		226	231	232
165	161	100		232	227	226
161	165	166		227	232	233
166	162	161		233	228	227
162	166	167		228	233	234
167	163	162		234	229	228
163	167	168		229	234	235
168	164	163		235	230	229
104	108	169		231	236	237
169	165	104		237	232	231
165	169	170		232	237	238
170	166	165		238	233	232
166	170	171		233	238	239
171	167	166		239	234	233
167	171	172		234	239	240
172	168	167		240	235	234
108	112	173		236	241	242
173	169	108		242	237	236
169	173	174		237	242	243
174	170	169		243	238	237
170	174	175		238	243	244
175	171	170		244	239	238
171	175	176		239	244	245
176	172	171		245	240	239
112	116	177		241	246	247
177	173	112		247	242	241
173	177	178		242	247	248
178	174	173		248	243	242
174	178	179		243	248	249
179	175	174		249	244	243
175	179	180		244	249	250
180	176	175		250	245	244
116	120	181		251	256	257
181	177	116		257	252	251
177	181	182		252	257	258
182	178	177		258	253	252
178	182	183		253	258	259
183	179	178		259	254	253
179	183	184		254	259	260
184	180	179		260	255	254
120	124	185		256	261	262
185	181	120		262	257	256
181	185	186		257	262	263
186	182	181		263	258	257
182	186	187		258	263	264
187	183	182		264	259	258
183	187	188		259	264	265
188	184	183		265	260	259
124	128	189		261	266	267
189	185	124		267	262	261
185	189	190		262	267	268
190	186	185		268	263	262
186	190	191		263	268	269
191	187	186		269	264	263
187	191	192		264	269	270
192	188	187		270	265	264
128	132	193		266	271	272
193	189	128		272	267	266
189	193	194		267	272	273
194	190	189		273	268	267
190	194	195		268	273	274
195	191	190		274	269	268
191	195	196		269	274	275
196	192	191		275	270	269
132	136	197		276	281	282
197	193	132		282	277	276
193	197	198		277	282	283
198	194	193		283	278	277
194	198	199		278	283	284
199	195	194		284	279	278
195	199	200		279	284	285
200	196	195		285	280	279
136	140	201		281	286	287
201	197	136		287	282	281
197	201	202		282	287	288
202	198	197		288	283	282
198	202	203		283	288	289
203	199	198		289	284	283
199	203	204		284	289	290
204	200	199		290	285	284
140	144	205		286	291	292
205	201	140		292	287	286
201	205	206		287	292	293
206	202	201		293	288	287
202	206	207		288	293	294
207	203	202		294	289	288
203	207	208		289	294	295
208	204	203		295	290	289
144	84	145		291	296	297
145	205	144		297	292	291
205	145	146		292	297	298
146	206	205		298	293	292
206	146	147		293	298	299
147	207	206		299	294	293
207	147	148		294	299	300
148	208	207		300	295	294
148	152	213		301	306	307
213	209	148		307	302	301
209	213	214		302	307	308
214	210	209		308	303	302
210	214	215		303	308	309
215	211	210		309	304	303
211	215	212		304	309	310
212	212	211		310	305	304
152	156	216		306	311	312
216	213	152		312	307	306
213	216	217		307	312	313
217	214	213		313	308	307
214	217	218		308	313	314
218	215	214		314	309	308
215	218	212		309	314	315
212	212	215		315	310	309
156	160	219		311	316	317
219	216	156		317	312	311
216	219	220		312	317	318
220	217	216		318	313	312
217	220	221		313	318	319
221	218	217		319	314	313
218	221	212		314	319	320
212	212	218		320	315	314
160	164	222		316	321	322
222	219	160		322	317	316
219	222	223		317	322	323
223	220	219		323	318	317
220	223	224		318	323	324
224	221	220		324	319	318
221	224	212		319	324	325
212	212	221		325	320	319
164	168	225		326	331	332
225	222	164		332	327	326
222	225	226		327	332	333
226	223	222		333	328	327
223	226	227		328	333	334
227	224	223		334	329	328
224	227	212		329	334	335
212	212	224		335	330	329
168	172	228		331	336	337
228	225	168		337	332	331
225	228	229		332	337	338
229	226	225		338	333	332
226	229	230		333	338	339
230	227	226		339	334	333
227	230	212		334	339	340
212	212	227		340	335	334
172	176	231		336	341	342
231	228	172		342	337	336
228	231	232		337	342	343
232	229	228		343	338	337
229	232	233		338	343	344
233	230	229		344	339	338
230	233	212		339	344	345
212	212	230		345	340	339
176	180	234		341	346	347
234	231	176		347	342	341
231	234	235		342	347	348
235	232	231		348	343	342
232	235	236		343	348	349
236	233	232		349	344	343
233	236	212		344	349	350
212	212	233		350	345	344
180	184	237		351	356	357
237	234	180		357	352	351
234	237	238		352	357	358
238	235	234		358	353	352
235	238	239		353	358	359
239	236	235		359	354	353
236	239	212		354	359	360
212	212	236		360	355	354
184	188	240		356	361	362
240	237	184		362	357	356
237	240	241		357	362	363
241	238	237		363	358	357
238	241	242		358	363	364
242	239	238		364	359	358
239	242	212		359	364	365
212	212	239		365	360	359
188	192	243		361	366	367
243	240	188		367	362	361
240	243	244		362	367	368
244	241	240		368	363	362
241	244	245		363	368	369
245	242	241		369	364	363
242	245	212		364	369	370
212	212	242		370	365	364
192	196	246		366	371	372
246	243	192		372	367	366
243	246	247		367	372	373
247	244	243		373	368	367
244	247	248		368	373	374
248	245	244		374	369	368
245	248	212		369	374	375
212	212	245		375	370	369
196	200	249		376	381	382
249	246	196		382	377	376
246	249	250		377	382	383
250	247	246		383	378	377
247	250	251		378	383	384
251	248	247		384	379	378
248	251	212		379	384	385
212	212	248		385	380	379
200	204	252		381	386	387
252	249	200		387	382	381
249	252	253		382	387	388
253	250	249		388	383	382
250	253	254		383	388	389
254	251	250		389	384	383
251	254	212		384	389	390
212	212	251		390	385	384
204	208	255		386	391	392
255	252	204		392	387	386
252	255	256		387	392	393
256	253	252		393	388	387
253	256	257		388	393	394
257	254	253		394	389	388
254	257	212		389	394	395
212	212	254		395	390	389
208	148	209		391	396	397
209	255	208		397	392	391
255	209	210		392	397	398
210	256	255		398	393	392
256	210	211		393	398	399
211	257	256		399	394	393
257	211	212		394	399	400
212	212	257		400	395	394
258	263	264		401	406	407
264	259	258		407	402	401
259	264	265		402	407	408
265	260	259		408	403	402
260	265	266		403	408	409
266	261	260		409	404	403
261	266	267		404	409	410
267	262	261		410	405	404
263	268	269		406	411	412
269	264	263		412	407	406
264	269	270		407	412	413
270	265	264		413	408	407
265	270	271		408	413	414
271	266	265		414	409	408
266	271	272		409	414	415
272	267	266		415	410	409
268	273	274		411	416	417
274	269	268		417	412	411
269	274	275		412	417	418
275	270	269		418	413	412
270	275	276		413	418	419
276	271	270		419	414	413
271	276	277		414	419	420
277	272	271		420	415	414
273	278	279		416	421	422
279	274	273		422	417	416
274	279	280		417	422	423
280	275	274		423	418	417
275	280	281		418	423	424
281	276	275		424	419	418
276	281	282		419	424	425
282	277	276		425	420	419
278	283	284		426	431	432
284	279	278		432	427	426
279	284	285		427	432	433
285	280	279		433	428	427
280	285	286		428	433	434
286	281	280		434	429	428
281	286	287		429	434	435
287	282	281		435	430	429
283	288	289		431	436	437
289	284	283		437	432	431
284	289	290		432	437	438
290	285	284		438	433	432
285	290	291		433	438	439
291	286	285		439	434	433
286	291	292		434	439	440
292	287	286		440	435	434
288	293	294		436	441	442
294	289	288		442	437	436
289	294	295		437	442	443
295	290	289		443	438	437
290	295	296		438	443	444
296	291	290		444	439	438
291	296	297		439	444	445
297	292	291		445	440	439
293	258	259		441	446	447
259	294	293		447	442	441
294	259	260		442	447	448
260	295	294		448	443	442
295	260	261		443	448	449
261	296	295		449	444	443
296	261	262		444	449	450
262	297	296		450	445	444
262	267	302		451	456	457
302	298	262		457	452	451
298	302	303		452	457	458
303	299	298		458	453	452
299	303	304		453	458	459
304	300	299		459	454	453
300	304	305		454	459	460
305	301	300		460	455	454
267	272	306		456	461	462
306	302	267		462	457	456
302	306	307		457	462	463
307	303	302		463	458	457
303	307	308		458	463	464
308	304	303		464	459	458
304	308	309		459	464	465
309	305	304		465	460	459
272	277	310		461	466	467
310	306	272		467	462	461
306	310	311		462	467	468
311	307	306		468	463	462
307	311	312		463	468	469
312	308	307		469	464	463
308	312	313		464	469	470
313	309	308		470	465	464
277	282	314		466	471	472
314	310	277		472	467	466
310	314	315		467	472	473
315	311	310		473	468	467
311	315	316		468	473	474
316	312	311		474	469	468
312	316	317		469	474	475
317	313	312		475	470	469
282	287	318		476	481	482
318	314	282		482	477	476
314	318	319		477	482	483
319	315	314		483	478	477
315	319	320		478	483	484
320	316	315		484	479	478
316	320	321		479	484	485
321	317	316		485	480	479
287	292	322		481	486	487
322	318	287		487	482	481
318	322	323		482	487	488
323	319	318		488	483	482
319	323	324		483	488	489
324	320	319		489	484	483
320	324	325		484	489	490
325	321	320		490	485	484
292	297	326		486	491	492
326	322	292		492	487	486
322	326	327		487	492	493
327	323	322		493	488	487
323	327	328		488	493	494
328	324	323		494	489	488
324	328	329		489	494	495
329	325	324		495	490	489
297	262	298		491	496	497
298	326	297		497	492	491
326	298	299		492	497	498
299	327	326		498	493	492
327	299	300		493	498	499
300	328	327		499	494	493
328	300	301		494	499	500
301	329	328		500	495	494
330	335	336		501	506	507
336	331	330		507	502	501
331	336	337		502	507	508
337	332	331		508	503	502
332	337	338		503	508	509
338	333	332		509	504	503
333	338	339		504	509	510
339	334	333		510	505	504
335	340	341		506	511	512
341	336	335		512	507	506
336	341	342		507	512	513
342	337	336		513	508	507
337	342	343		508	513	514
343	338	337		514	509	508
338	343	344		509	514	515
344	339	338		515	510	509
340	345	346		511	516	517
346	341	340		517	512	511
341	346	347		512	517	518
347	342	341		518	513	512
342	347	348		513	518	519
348	343	342		519	514	513
343	348	349		514	519	520
349	344	343		520	515	514
345	350	351		516	521	522
351	346	345		522	517	516
346	351	352		517	522	523
352	347	346		523	518	517
347	352	353		518	523	524
353	348	347		524	519	518
348	353	354		519	524	525
354	349	348		525	520	519
350	355	356		526	531	532
356	351	350		532	527	526
351	356	357		527	532	533
357	352	351		533	528	527
352	357	358		528	533	534
358	353	352		534	529	528
353	358	359		529	534	535
359	354	353		535	530	529
355	360	361		531	536	537
361	356	355		537	532	531
356	361	362		532	537	538
362	357	356		538	533	532
357	362	363		533	538	539
363	358	357		539	534	533
358	363	364		534	539	540
364	359	358		540	535	534
360	365	366		536	541	542
366	361	360		542	537	536
361	366	367		537	542	543
367	362	361		543	538	537
362	367	368		538	543	544
368	363	362		544	539	538
363	368	369		539	544	545
369	364	363		545	540	539
365	330	331		541	546	547
331	366	365		547	542	541
366	331	332		542	547	548
332	367	366		548	543	542
367	332	333		543	548	549
333	368	367		549	544	543
368	333	334		544	549	550
334	369	368		550	545	544
334	339	374		551	556	557
374	370	334		557	552	551
370	374	375		552	557	558
375	371	370		558	553	552
371	375	376		553	558	559
376	372	371		559	554	553
372	376	377		554	559	560
377	373	372		560	555	554
339	344	378		556	561	562
378	374	339		562	557	556
374	378	379		557	562	563
379	375	374		563	558	557
375	379	380		558	563	564
380	376	375		564	559	558
376	380	381		559	564	565
381	377	376		565	560	559
344	349	382		561	566	567
382	378	344		567	562	561
378	382	383		562	567	568
383	379	378		568	563	562
379	383	384		563	568	569
384	380	379		569	564	563
380	384	385		564	569	570
385	381	380		570	565	564
349	354	386		566	571	572
386	382	349		572	567	566
382	386	387		567	572	573
387	383	382		573	568	567
383	387	388		568	573	574
388	384	383		574	569	568
384	388	389		569	574	575
389	385	384		575	570	569
354	359	390		576	581	582
390	386	354		582	577	576
386	390	391		577	582	583
391	387	386		583	578	577
387	391	392		578	583	584
392	388	387		584	579	578
388	392	393		579	584	585
393	389	388		585	580	579
359	364	394		581	586	587
394	390	359		587	582	581
390	394	395		582	587	588
395	391	390		588	583	582
391	395	396		583	588	589
396	392	391		589	584	583
392	396	397		584	589	590
397	393	392		590	585	584
364	369	398		586	591	592
398	394	364		592	587	586
394	398	399		587	592	593
399	395	394		593	588	587
395	399	400		588	593	594
400	396	395		594	589	588
396	400	401		589	594	595
401	397	396		595	590	589
369	334	370		591	596	597
370	398	369		597	592	591
398	370	371		592	597	598
371	399	398		598	593	592
399	371	372		593	598	599
372	400	399		599	594	593
400	372	373		594	599	600
373	401	400		600	595	594
402	402	407		601	606	607
407	403	402		607	602	601
403	407	408		602	607	608
408	404	403		608	603	602
404	408	409		603	608	609
409	405	404		609	604	603
405	409	410		604	609	610
410	406	405		610	605	604
402	402	411		606	611	612
411	407	402		612	607	606
407	411	412		607	612	613
412	408	407		613	608	607
408	412	413		608	613	614
413	409	408		614	609	608
409	413	414		609	614	615
414	410	409		615	610	609
402	402	415		611	616	617
415	411	402		617	612	611
411	415	416		612	617	618
416	412	411		618	613	612
412	416	417		613	618	619
417	413	412		619	614	613
413	417	418		614	619	620
418	414	413		620	615	614
402	402	419		616	621	622
419	415	402		622	617	616
415	419	420		617	622	623
420	416	415		623	618	617
416	420	421		618	623	624
421	417	416		624	619	618
417	421	422		619	624	625
422	418	417		625	620	619
402	402	423		626	631	632
423	419	402		632	627	626
419	423	424		627	632	633
424	420	419		633	628	627
420	424	425		628	633	634
425	421	420		634	629	628
421	425	426		629	634	635
426	422	421		635	630	629
402	402	427		631	636	637
427	423	402		637	632	631
423	427	428		632	637	638
428	424	423		638	633	632
424	428	429		633	638	639
429	425	424		639	634	633
425	429	430		634	639	640
430	426	425		640	635	634
402	402	431		636	641	642
431	427	402		642	637	636
427	431	432		637	642	643
432	428	427		643	638	637
428	432	433		638	643	644
433	429	428		644	639	638
429	433	434		639	644	645
434	430	429		645	640	639
402	402	435		641	646	647
435	431	402		647	642	641
431	435	436		642	647	648
436	432	431		648	643	642
432	436	437		643	648	649
437	433	432		649	644	643
433	437	438		644	649	650
438	434	433		650	645	644
402	402	439		651	656	657
439	435	402		657	652	651
435	439	440		652	657	658
440	436	435		658	653	652
436	440	441		653	658	659
441	437	436		659	654	653
437	441	442		654	659	660
442	438	437		660	655	654
402	402	443		656	661	662
443	439	402		662	657	656
439	443	444		657	662	663
444	440	439		663	658	657
440	444	445		658	663	664
445	441	440		664	659	658
441	445	446		659	664	665
446	442	441		665	660	659
402	402	447		661	666	667
447	443	402		667	662	661
443	447	448		662	667	668
448	444	443		668	663	662
444	448	449		663	668	669
449	445	444		669	664	663
445	449	450		664	669	670
450	446	445		670	665	664
402	402	451		666	671	672
451	447	402		672	667	666
447	451	452		667	672	673
452	448	447		673	668	667
448	452	453		668	673	674
453	449	448		674	669	668
449	453	454		669	674	675
454	450	449		675	670	669
402	402	455		676	681	682
455	451	402		682	677	676
451	455	456		677	682	683
456	452	451		683	678	677
452	456	457		678	683	684
457	453	452		684	679	678
453	457	458		679	684	685
458	454	453		685	680	679
402	402	459		681	686	687
459	455	402		687	682	681
455	459	460		682	687	688
460	456	455		688	683	682
456	460	461		683	688	689
461	457	456		689	684	683
457	461	462		684	689	690
462	458	457		690	685	684
402	402	463		686	691	692
463	459	402		692	687	686
459	463	464		687	692	693
464	460	459		693	688	687
460	464	465		688	693	694
465	461	460		694	689	688
461	465	466		689	694	695
466	462	461		695	690	689
402	402	403		691	696	697
403	463	402		697	692	691
463	403	404		692	697	698
404	464	463		698	693	692
464	404	405		693	698	699
405	465	464		699	694	693
465	405	406		694	699	700
406	466	465		700	695	694
406	410	471		701	706	707
471	467	406		707	702	701
467	471	472		702	707	708
472	468	467		708	703	702
468	472	473		703	708	709
473	469	468		709	704	703
469	473	474		704	709	710
474	470	469		710	705	704
410	414	475		706	711	712
475	471	410		712	707	706
471	475	476		707	712	713
476	472	471		713	708	707
472	476	477		708	713	714
477	473	472		714	709	708
473	477	478		709	714	715
478	474	473		715	710	709
414	418	479		711	716	717
479	475	414		717	712	711
475	479	480		712	717	718
480	476	475		718	713	712
476	480	481		713	718	719
481	477	476		719	714	713
477	481	482		714	719	720
482	478	477		720	715	714
418	422	483		716	721	722
483	479	418		722	717	716
479	483	484		717	722	723
484	480	479		723	718	717
480	484	485		718	723	724
485	481	480		724	719	718
481	485	486		719	724	725
486	482	481		725	720	719
422	426	487		726	731	732
487	483	422		732	727	726
483	487	488		727	732	733
488	484	483		733	728	727
484	488	489		728	733	734
489	485	484		734	729	728
485	489	490		729	734	735
490	486	485		735	730	729
426	430	491		731	736	737
491	487	426		737	732	731
487	491	492		732	737	738
492	488	487		738	733	732
488	492	493		733	738	739
493	489	488		739	734	733
489	493	494		734	739	740
494	490	489		740	735	734
430	434	495		736	741	742
495	491	430		742	737	736
491	495	496		737	742	743
496	492	491		743	738	737
492	496	497		738	743	744
497	493	492		744	739	738
493	497	498		739	744	745
498	494	493		745	740	739
434	438	499		741	746	747
499	495	434		747	742	741
495	499	500		742	747	748
500	496	495		748	743	742
496	500	501		743	748	749
501	497	496		749	744	743
497	501	502		744	749	750
502	498	497		750	745	744
438	442	503		751	756	757
503	499	438		757	752	751
499	503	504		752	757	758
504	500	499		758	753	752
500	504	505		753	758	759
505	501	500		759	754	753
501	505	506		754	759	760
506	502	501		760	755	754
442	446	507		756	761	762
507	503	442		762	757	756
503	507	508		757	762	763
508	504	503		763	758	757
504	508	509		758	763	764
509	505	504		764	759	758
505	509	510		759	764	765
510	506	505		765	760	759
446	450	511		761	766	767
511	507	446		767	762	761
507	511	512		762	767	768
512	508	507		768	763	762
508	512	513		763	768	769
513	509	508		769	764	763
509	513	514		764	769	770
514	510	509		770	765	764
450	454	515		766	771	772
515	511	450		772	767	766
511	515	516		767	772	773
516	512	511		773	768	767
512	516	517		768	773	774
517	513	512		774	769	768
513	517	518		769	774	775
518	514	513		775	770	769
454	458	519		776	781	782
519	515	454		782	777	776
515	519	520		777	782	783
520	516	515		783	778	777
516	520	521		778	783	784
521	517	516		784	779	778
517	521	522		779	784	785
522	518	517		785	780	779
458	462	523		781	786	787
523	519	458		787	782	781
519	523	524		782	787	788
524	520	519		788	783	782
520	524	525		783	788	789
525	521	520		789	784	783
521	525	526		784	789	790
526	522	521		790	785	784
462	466	527		786	791	792
527	523	462		792	787	786
523	527	528		787	792	793
528	524	523		793	788	787
524	528	529		788	793	794
529	525	524		794	789	788
525	529	530		789	794	795
530	526	525		795	790	789
466	406	467		791	796	797
467	527	466		797	792	791
527	467	468		792	797	798
468	528	527		798	793	792
528	468	469		793	798	799
469	529	528		799	794	793
529	469	470		794	799	800
470	530	529		800	795	794
